C1 = np.array([
    [134.6, 0, 327.8],
    [0, 67.4, 120.3],
    [0, 0, 1]
])

C2 = np.array([
    [134.3, 0, 323.2],
    [0, 67.3, 123.4],
    [0, 0, 1]
])

D1 = np.array([[-0.396571, -0.80373126, 0.14070022, -0.24970651, 0.67173672]])
D2 = np.array([[ 0.155679, -1.09981795, 0.19912512, -0.00359546, 0.97444669]])
R = np.array([
    [0.99907293, -0.03373247, -0.02674706],
    [0.02385673, 0.95100281, -0.30826047],
    [0.03583491, 0.30733659, 0.95092591]
])
T = np.array([[1.96287273], [1.64604608], [-1.13382269]])
E = np.array([
    [0.08603522, 1.58415876, 1.21575515],
    [-1.20311093, -0.56501597, -1.83622011],
    [-1.59769235, 1.92222268, -0.56104918]
])
F = np.array([
    [1.11375187e-05, 4.09539717e-04, -3.17347325e-02],
    [-3.10798405e-04, -2.91486869e-04, 7.30982328e-02],
    [6.97613364e-03, -2.96551658e-02, 1.00000000e+00]
])

Q = np.array([
    [1., 0., 0., -280.7162652 ],
    [0., 1., 0. , -118.74788302],
    [0., 0., 0., 67.35],
    [0., 0., 0.35696326, -0.]
])